Node Number	X Location (mm)	Y Location (mm)	Z Location (mm)	
11	24.	-20.	7.	
34	-24.	-20.	7.	
35	20.	-20.	7.	
36	16.	-20.	7.	
37	12.	-20.	7.	
38	8.	-20.	7.	
39	4.	-20.	7.	
40	0.	-20.	7.	
41	-4.	-20.	7.	
42	-8.	-20.	7.	
43	-12.	-20.	7.	
44	-16.	-20.	7.	
45	-20.	-20.	7.	
89	24.	-20.	-7.	
90	-24.	-20.	-7.	
91	20.	-20.	-7.	
92	16.	-20.	-7.	
93	12.	-20.	-7.	
94	8.	-20.	-7.	
95	4.	-20.	-7.	
96	0.	-20.	-7.	
97	-4.	-20.	-7.	
98	-8.	-20.	-7.	
99	-12.	-20.	-7.	
100	-16.	-20.	-7.	
101	-20.	-20.	-7.	
287	-24.	-19.44	3.3668	
294	-24.	-20.127	-2.6245	
346	24.	-19.44	3.3668	
353	24.	-20.127	-2.6245	
977	-21.35	-20.862	3.8017	
978	-1.9611	-20.898	3.865	
990	18.685	-18.676	3.5521	
1225	-2.214	-18.892	-3.7304	
1229	9.7801	-19.433	-4.0002	
1373	2.1511	-20.447	-4.5759	
1402	12.716	-19.891	-3.95	
1403	5.7918	-20.86	-3.6644	
1409	1.7357	-18.804	2.3515	
1419	11.722	-20.122	3.2925	
1436	7.1739	-19.261	-0.28266	
1438	16.522	-19.166	-2.8153	
1444	-13.321	-19.035	-0.37507	
1553	-18.066	-20.883	0.99311	
1555	-17.525	-20.487	-3.2502	
1761	-4.5829	-19.023	1.6434	
1777	1.882	-20.224	-1.283	
1779	-3.2636	-20.541	-0.45372	
1813	-14.908	-19.365	3.187	
1816	20.525	-19.605	0.84354	
1818	16.367	-20.279	0.81603	
1842	-6.6104	-19.549	-2.8443	
1851	-7.9735	-20.19	4.5143e-002	
1856	20.084	-18.925	-3.8105	
1890	5.1407	-20.294	2.4837	
1996	-21.018	-20.465	-0.86928	
2076	-13.772	-18.922	-4.7502	
2082	-21.353	-19.069	1.8192	
2212	22.	-20.	7.	
2215	24.	-19.72	5.1834	
2218	22.741	-18.929	5.6729	
2219	22.486	-20.611	5.5137	
2370	-22.	-20.	7.	
2374	-24.	-19.72	5.1834	
2377	-22.675	-20.431	5.4008	
2378	-22.844	-18.945	5.8439	
2379	18.	-20.	7.	
2383	19.342	-19.338	5.2761	
2384	20.741	-18.929	5.6729	
2385	18.394	-20.99	5.2849	
2386	20.486	-20.611	5.5137	
2387	14.	-20.	7.	
2392	14.736	-18.692	7.	
2393	17.342	-19.338	5.2761	
2394	16.394	-20.99	5.2849	
2395	15.542	-19.279	5.7107	
2397	10.	-20.	7.	
2400	12.736	-18.692	7.	
2401	11.	-18.75	7.	
2402	11.861	-20.061	5.1463	
2403	13.542	-19.279	5.7107	
2404	6.	-20.	7.	
2407	9.	-18.75	7.	
2409	7.9905	-19.115	5.4341	
2412	9.8608	-20.061	5.1463	
2413	6.5703	-20.147	4.7418	
2414	5.9952	-18.927	5.7894	
2415	2.	-20.	7.	
2421	4.5703	-20.147	4.7418	
2422	2.8373	-20.861	5.6151	
2423	3.9952	-18.927	5.7894	
2424	-2.	-20.	7.	
2429	-0.98053	-20.449	5.4325	
2431	0.86784	-19.402	4.6758	
2432	-2.077	-19.043	5.7243	
2433	0.8373	-20.861	5.6151	
2434	1.9952	-18.927	5.7894	
2435	-6.	-20.	7.	
2440	-2.9805	-20.449	5.4325	
2441	-4.3965	-20.846	5.2569	
2442	-4.077	-19.043	5.7243	
2443	-10.	-20.	7.	
2448	-9.5643	-18.741	5.4101	
2450	-9.8998	-20.845	5.2225	
2451	-7.9818	-19.212	4.7419	
2453	-6.3965	-20.846	5.2569	
2454	-6.077	-19.043	5.7243	
2455	-14.	-20.	7.	
2460	-11.564	-18.741	5.4101	
2461	-11.9	-20.845	5.2225	
2462	-13.454	-19.682	5.0935	
2463	-18.	-20.	7.	
2471	-16.872	-18.968	5.4735	
2472	-13.9	-20.845	5.2225	
2473	-15.454	-19.682	5.0935	
2474	-17.231	-21.148	5.5134	
2477	-20.675	-20.431	5.4008	
2478	-20.844	-18.945	5.8439	
2479	-18.872	-18.968	5.4735	
2480	-19.231	-21.148	5.5134	
2778	22.	-20.	-7.	
2782	24.	-20.063	-4.8122	
2785	23.07	-19.164	-6.1162	
2786	22.877	-21.114	-5.6122	
2787	-22.	-20.	-7.	
2791	-24.	-20.063	-4.8122	
2794	-22.559	-19.272	-5.447	
2795	-22.671	-21.116	-5.3997	
2796	18.	-20.	-7.	
2800	21.07	-19.164	-6.1162	
2801	20.877	-21.114	-5.6122	
2802	20.042	-19.463	-5.4053	
2804	14.	-20.	-7.	
2809	14.736	-18.692	-7.	
2811	14.358	-19.946	-5.475	
2812	16.261	-19.583	-4.9077	
2814	18.042	-19.463	-5.4053	
2816	10.	-20.	-7.	
2819	11.	-18.75	-7.	
2820	12.736	-18.692	-7.	
2821	10.89	-19.717	-5.5001	
2822	12.358	-19.946	-5.475	
2824	6.	-20.	-7.	
2827	9.	-18.75	-7.	
2829	8.89	-19.717	-5.5001	
2830	6.8959	-20.43	-5.3322	
2832	7.6498	-18.819	-5.453	
2833	2.	-20.	-7.	
2838	4.1864	-19.139	-5.4243	
2839	3.0756	-20.224	-5.788	
2840	4.8959	-20.43	-5.3322	
2841	-2.	-20.	-7.	
2846	-1.107	-19.446	-5.3652	
2847	1.0756	-20.224	-5.788	
2848	-0.32382	-21.039	-5.3351	
2850	-6.	-20.	-7.	
2855	-3.107	-19.446	-5.3652	
2857	-5.3052	-19.775	-4.9222	
2858	-4.9752	-18.701	-5.995	
2859	-10.	-20.	-7.	
2864	-8.5105	-20.977	-5.2513	
2866	-7.3052	-19.775	-4.9222	
2867	-6.9752	-18.701	-5.995	
2868	-9.2803	-19.261	-5.3873	
2869	-14.	-20.	-7.	
2874	-12.93	-20.777	-5.1393	
2875	-10.51	-20.977	-5.2513	
2877	-11.28	-19.261	-5.3873	
2878	-12.886	-19.461	-5.8751	
2879	-18.	-20.	-7.	
2886	-14.93	-20.777	-5.1393	
2887	-16.544	-18.726	-5.6867	
2888	-16.762	-20.243	-5.1251	
2890	-14.886	-19.461	-5.8751	
2893	-20.559	-19.272	-5.447	
2894	-20.671	-21.116	-5.3997	
2895	-18.544	-18.726	-5.6867	
2896	-18.762	-20.243	-5.1251	
3977	-24.	-20.868	1.7876	
3979	-24.	-20.281	0.15236	
3985	-22.677	-20.682	1.0138	
4119	-24.	-20.96	3.6264	
4141	-24.	-18.853	1.7316	
4142	-22.675	-20.151	3.5843	
4143	-22.844	-18.665	4.0273	
4144	-22.677	-19.255	2.593	
4159	-24.	-19.196	-1.264	
4161	-22.509	-19.365	-0.38645	
4162	-22.677	-18.667	0.95778	
4171	-22.559	-19.335	-3.2592	
4174	-22.509	-20.296	-1.7469	
4371	24.	-20.868	1.7876	
4373	24.	-20.281	0.15236	
4380	22.262	-20.95	0.52594	
4511	24.	-20.96	3.6264	
4534	24.	-18.853	1.7316	
4536	22.486	-20.331	3.6971	
4537	22.262	-19.523	2.1052	
4552	24.	-19.196	-1.264	
4554	22.262	-18.936	0.46996	
4563	23.07	-19.227	-3.9284	
4564	22.877	-21.177	-3.4244	
4566	21.726	-21.086	-2.0319	
4567	22.262	-19.866	-0.89046	
4568	22.042	-19.526	-3.2175	
5881	9.86	-21.1	-5.5001	
6093	-2.0486	-20.792	-5.3652	
7285	14.301	-20.831	5.7107	
7991	11.358	-18.696	-5.475	
8050	2.4734	-18.829	-5.788	
8066	5.8674	-19.024	-5.3322	
8344	12.597	-18.753	5.1463	
8350	10.861	-18.811	5.1463	
8835	-21.519	-19.376	4.2447	
8836	-19.547	-19.399	3.8744	
8838	-19.708	-20.872	2.3974	
8840	-21.352	-19.965	2.8104	
8843	-0.1127	-19.851	3.1083	
8844	-1.5178	-19.443	2.1008	
8846	-3.272	-19.96	2.7542	
8847	-2.6123	-20.719	1.7057	
8848	-0.91024	-21.07	2.6702	
8850	-3.0575	-19.492	4.1568	
8880	3.262	-19.363	-4.2123	
8881	5.0823	-19.569	-3.7565	
8882	5.7734	-18.769	-2.0656	
8886	3.1274	-19.251	-2.5658	
8958	17.736	-20.328	3.5609	
8959	19.828	-19.949	3.7898	
8961	19.605	-19.14	2.1978	
8962	17.526	-19.477	2.1841	
9273	21.947	-20.278	-4.7283	
9311	20.919	-20.577	-4.0174	
9494	21.227	-19.54	4.1866	
9495	21.003	-18.732	2.5946	
9807	-21.229	-20.388	-3.8467	
9809	-19.321	-19.515	-3.5721	
9812	-21.067	-19.504	-2.3816	
9991	-13.59	-20.294	-1.8268	
9992	-15.692	-21.02	-3.2644	
9998	-12.21	-20.037	-3.5266	
9999	-13.815	-20.238	-4.0144	
10235	-11.464	-19.586	3.6326	
10399	14.238	-21.142	-3.7355	
10401	16.141	-20.78	-3.1682	
10747	8.0647	-20.426	3.3698	
10748	9.8513	-19.176	3.5804	
10749	7.5774	-18.745	1.7928	
10752	6.5608	-19.262	3.176	
10755	-3.145e-002	-19.669	-4.1532	
10758	-1.4308	-20.485	-3.7003	
10760	-3.2807	-20.692	-3.6666	
10762	-0.16599	-19.558	-2.5067	
10763	-2.7388	-19.716	-2.0921	
10765	-4.4122	-19.22	-3.2874	
10785	-7.9117	-20.561	2.9416	
10791	11.248	-19.662	-3.9751	
10792	7.7859	-20.147	-3.8323	
10793	8.477	-19.347	-2.1414	
10794	11.052	-18.916	-2.3139	
10796	9.7659	-20.522	-2.721	
11190	-17.905	-19.41	2.4701	
11193	-16.326	-18.651	3.567	
11194	-18.103	-20.117	3.987	
11347	-7.8157	-20.752	-3.1735	
11348	-8.4972	-21.072	-1.7287	
11349	-9.7908	-20.238	-3.6386	
11517	-17.306	-18.97	-3.8118	
11531	-21.029	-20.891	1.8881	
11956	3.9714	-20.653	-4.1202	
11959	2.0166	-20.335	-2.9295	
12163	-12.56	-20.363	1.535	
12164	-9.8815	-20.057	2.9644	
12167	-13.354	-20.528	3.316	
12168	-9.8865	-20.94	1.7451	
12178	14.619	-19.529	-3.3827	
12179	12.52	-19.145	-2.2888	
12180	11.234	-20.751	-2.696	
12183	6.4828	-20.06	-1.9735	
12186	3.8369	-20.542	-2.4737	
12188	6.5457	-19.249	-3.7853	
12234	2.7709	-20.961	1.6094	
12239	1.8089	-19.514	0.53427	
12240	0.93813	-20.023	1.9135	
12241	3.4382	-19.549	2.4176	
12242	1.7051	-20.263	3.2909	
12247	7.6611	-20.941	1.2943	
12302	9.4477	-19.692	1.5049	
12304	12.022	-19.261	1.3324	
12306	14.255	-21.052	3.4311	
12307	13.403	-19.34	3.8569	
12308	10.737	-20.867	0.92529	
12310	14.045	-20.201	2.0543	
12345	0.40376	-19.106	-0.47324	
12346	-2.1691	-19.264	-5.8609e-002	
12348	-0.46697	-19.615	0.90594	
12447	9.7485	-18.83	-0.45515	
12451	8.4628	-20.436	-0.8623	
12453	4.528	-19.742	-0.78282	
12455	6.1573	-19.777	1.1005	
12457	15.139	-21.013	-1.7953	
12458	13.039	-20.629	-0.7015	
12466	14.423	-18.782	-1.7215	
12469	17.988	-20.606	-2.1273	
12470	18.524	-19.386	-0.9859	
12471	16.445	-19.723	-0.99965	
12472	18.303	-19.046	-3.3129	
12473	17.503	-20.949	-3.5423	
12477	11.037	-20.005	-1.0348	
12479	14.345	-19.339	9.4191e-002	
12517	-10.642	-18.73	1.0543	
12518	-15.694	-19.959	0.30902	
12519	-15.423	-19.761	-1.8126	
12520	-12.248	-20.649	-0.366	
12522	-14.289	-20.709	-0.35449	
12525	-14.115	-19.2	1.406	
12526	-10.647	-19.612	-0.16497	
12527	-11.941	-18.778	-2.0748	
12528	-13.546	-18.979	-2.5626	
12533	-6.2732	-18.724	2.0636	
12536	-7.9685	-19.307	1.2645	
12537	-6.3782	-20.058	2.9988	
12815	0.6172	-21.151	-2.4766	
13304	-17.795	-20.685	-1.1285	
13305	-18.026	-19.01	0.3837	
13308	-16.487	-20.124	2.09	
13311	-19.542	-20.674	6.1917e-002	
13312	-19.71	-19.976	1.4061	
13322	-17.755	-18.812	-1.7379	
13325	-19.271	-20.476	-2.0597	
13326	-15.648	-19.704	-4.0002	
13339	15.936	-20.269	3.9956	
13340	18.656	-20.793	2.2066	
13342	16.577	-21.13	2.1929	
13744	-10.868	-20.392	-2.0658	
13838	19.989	-20.826	-0.29787	
13840	17.91	-21.163	-0.31162	
13841	19.768	-20.486	-2.6249	
13843	20.748	-20.414	2.4355	
13853	-19.502	-18.801	-0.5475	
13856	-15.082	-20.874	1.4265	
13979	15.726	-19.418	2.6187	
14189	-5.4789	-21.021	-3.2236	
14351	-4.2741	-18.856	-0.76819	
14354	-6.629	-18.68	-0.51876	
14360	-3.9233	-19.782	0.59484	
14361	-6.2782	-19.606	0.84427	
14362	-4.6879	-20.357	2.5786	
14417	-0.69078	-20.382	-0.86835	
14418	1.0113	-20.733	9.6195e-002	
14419	3.5114	-20.259	0.60035	
14421	-4.937	-20.045	-1.649	
14422	-5.6185	-20.365	-0.20429	
14423	-1.5615	-20.891	0.51083	
14424	-4.0283	-21.116	1.53	
14527	-16.685	-20.83	3.6069	
14532	-21.348	-18.755	-0.75994	
14534	18.446	-19.942	0.82979	
14535	20.304	-19.265	-1.4835	
14588	-7.2919	-19.869	-1.3996	
14590	-8.5855	-19.035	-3.3095	
14611	-6.3832	-20.94	1.7795	
14612	-9.267	-19.355	-1.8647	
14619	19.284	-20.829	-4.0399	
14624	-4.4735	-19.889	3.9812	
14679	3.4076	-21.008	3.357	
14680	4.5656	-19.074	3.5313	
14773	2.8325	-19.788	4.4045	
14778	-21.186	-19.767	0.47494	
14792	-12.166	-18.722	-4.2624	
